0
36
0,-64,-224,9
1,1,1,1,1,1,1,1,0,
0,-32,-64,7
1,1,1,1,1,1,1,
7,96,-128,5
0,0,0,1,0,
0,-64,-224,9
1,1,1,1,1,1,1,1,1,
0,-32,-64,7
1,1,1,1,1,1,1,
0,-64,-224,9
1,1,1,1,1,1,1,1,1,
0,-32,-64,7
1,1,1,1,1,1,1,
0,-64,-224,9
1,1,1,1,1,1,1,1,1,
0,-32,-64,7
1,1,1,1,1,1,1,
0,-64,-224,9
1,1,1,1,1,1,1,1,1,
0,-32,-64,7
1,1,1,1,1,1,1,
0,96,-128,1
1,
0,96,-160,1
1,
0,128,-128,1
1,
0,160,-128,1
1,
0,192,-128,1
1,
0,192,-96,1
1,
0,192,-64,1
1,
0,-64,-224,9
1,1,1,1,1,1,1,1,0,
0,-32,-64,7
1,1,1,1,1,1,1,
7,96,-128,5
0,0,0,1,0,
0,-64,-224,9
1,1,1,1,1,1,1,1,1,
0,-32,-64,7
1,1,1,1,1,1,1,
0,-64,-224,9
1,1,1,1,1,1,1,1,1,
0,-32,-64,7
1,1,1,1,1,1,1,
0,-64,-224,9
1,1,1,1,1,1,1,1,1,
0,-32,-64,7
1,1,1,1,1,1,1,
0,-64,-224,9
1,1,1,1,1,1,1,1,1,
0,-32,-64,7
1,1,1,1,1,1,1,
0,96,-128,1
1,
0,96,-160,1
1,
0,128,-128,1
1,
0,160,-128,1
1,
0,192,-128,1
1,
0,192,-96,1
1,
0,192,-64,1
1,
