1
38
0,-64,32,6
0,0,0,1,1,0,
0,-64,0,6
0,0,0,1,1,0,
4,-96,-32,6
0,1,1,1,0,1,
2,-224,-32,6
1,0,0,0,0,0,
2,256,-96,6
0,1,1,1,1,1,
0,256,-128,7
1,1,1,1,1,1,0,
0,224,-96,8
1,1,0,0,0,0,0,0,
0,224,-128,1
1,
6,448,64,7
1,1,1,1,1,1,1,
0,416,64,1
1,
0,352,64,1
1,
0,384,64,1
1,
0,288,64,1
1,
0,320,64,1
1,
0,96,0,1
1,
0,96,32,1
1,
0,-96,-32,1
1,
0,0,32,1
1,
0,0,0,1
1,
0,-64,32,6
0,0,0,1,1,0,
0,-64,0,6
0,0,0,1,1,0,
4,-96,-32,6
0,1,1,1,0,1,
2,-224,-32,6
1,0,0,0,0,0,
2,256,-96,6
0,1,1,1,1,1,
0,256,-128,7
1,1,1,1,1,1,0,
0,224,-96,8
1,1,0,0,0,0,0,0,
0,224,-128,1
1,
6,448,64,7
1,1,1,1,1,1,1,
0,416,64,1
1,
0,352,64,1
1,
0,384,64,1
1,
0,288,64,1
1,
0,320,64,1
1,
0,96,0,1
1,
0,96,32,1
1,
0,-96,-32,1
1,
0,0,32,1
1,
0,0,0,1
1,
