0
48
0,-96,-256,6
1,1,1,0,0,0,
0,0,-256,1
1,
0,32,-256,6
1,1,1,1,1,1,
0,-512,0,6
1,1,1,1,1,1,
0,-512,-32,7
1,1,1,1,1,1,1,
0,160,192,15
2,2,2,2,2,2,2,2,2,2,2,2,2,2,2,
0,-96,-256,6
1,1,1,0,0,0,
0,0,-256,1
1,
0,32,-256,6
1,1,1,1,1,1,
0,-512,0,6
1,1,1,1,1,1,
0,-512,-32,7
1,1,1,1,1,1,1,
0,160,192,15
2,2,2,2,2,2,2,2,2,2,2,2,2,2,2,
0,-96,-256,6
1,1,1,0,0,0,
0,0,-256,1
1,
0,32,-256,6
1,1,1,1,1,1,
0,-512,0,6
1,1,1,1,1,1,
0,-512,-32,7
1,1,1,1,1,1,1,
0,160,192,15
2,2,2,2,2,2,2,2,2,2,2,2,2,2,2,
0,-96,-256,6
1,1,1,0,0,0,
0,0,-256,1
1,
0,32,-256,6
1,1,1,1,1,1,
0,-512,0,6
1,1,1,1,1,1,
0,-512,-32,7
1,1,1,1,1,1,1,
0,160,192,15
2,2,2,2,2,2,2,2,2,2,2,2,2,2,2,
0,-96,-256,6
1,1,1,0,0,0,
0,0,-256,1
1,
0,32,-256,6
1,1,1,1,1,1,
0,-512,0,6
1,1,1,1,1,1,
0,-512,-32,7
1,1,1,1,1,1,1,
0,160,192,15
2,2,2,2,2,2,2,2,2,2,2,2,2,2,2,
0,-96,-256,6
1,1,1,0,0,0,
0,0,-256,1
1,
0,32,-256,6
1,1,1,1,1,1,
0,-512,0,6
1,1,1,1,1,1,
0,-512,-32,7
1,1,1,1,1,1,1,
0,160,192,15
2,2,2,2,2,2,2,2,2,2,2,2,2,2,2,
0,-96,-256,6
1,1,1,0,0,0,
0,0,-256,1
1,
0,32,-256,6
1,1,1,1,1,1,
0,-512,0,6
1,1,1,1,1,1,
0,-512,-32,7
1,1,1,1,1,1,1,
0,160,192,15
2,2,2,2,2,2,2,2,2,2,2,2,2,2,2,
0,-96,-256,6
1,1,1,0,0,0,
0,0,-256,1
1,
0,32,-256,6
1,1,1,1,1,1,
0,-512,0,6
1,1,1,1,1,1,
0,-512,-32,7
1,1,1,1,1,1,1,
0,160,192,15
2,2,2,2,2,2,2,2,2,2,2,2,2,2,2,
